0 0.2733333333333333 0.6289381563593932 0.06388888888888888 0.11668611435239207
0 0.7388888888888889 0.38506417736289383 0.044444444444444446 0.22287047841306884
0 0.51 0.2975495915985998 0.01611111111111111 0.046674445740956826
0 0.7444444444444445 0.7012835472578763 0.035555555555555556 0.17269544924154026
0 0.6816666666666666 0.868144690781797 0.049444444444444444 0.22753792298716452
0 0.6805555555555556 0.5787631271878646 0.03944444444444444 0.22753792298716452
0 0.6805555555555556 0.721120186697783 0.05277777777777778 0.5169194865810969
0 0.32944444444444443 0.8763127187864644 0.08722222222222223 0.23337222870478413
0 0.415 0.2322053675612602 0.04388888888888889 0.061843640606767794
0 0.6816666666666666 0.2310385064177363 0.056666666666666664 0.21120186697782964
